20 20
abbababbabaaabbababb
abbabaababaaaaababab
aabaababbbbabbbbabbb
bbbabbbaabbbaababaab
aabbabbbbaabbaabaaaa
bbaaabbbbaaaaaabbbba
babaababbaabbbbbbbba
bbaababbbbabbaabbbab
aaababbaababbbaabaab
aababaaababbaaaababb
bbbaaabbaabbaaabbaaa
aabaaaaaabbbbbaaabbb
bbaabbbbababaabaabbb
baaaaababaaaababbbbb
baababbbaaaababaabaa
baabaaaaaabbabbabbbb
bbbbbbabbaaaabbbaaba
bababaaabaaaaabbbbbb
baababbaabbbbabababb
abbabaababaaabaaaaba
14369 28151 23771 7724 12975 9329 22325 9468 20191 1855 11513 15471 1170 8006 12735 24261 17875 13305 30340 25373
12055 19080 7176 5701 3267 9555 9332 21969 23023 22437 2112 24938 7274 16799 4692 22121 16894 2162 18285 2469
25333 24274 23747 13192 3547 12711 489 8809 134 3333 500 26389 29268 19806 32735 12207 21428 28918 21038 17595
9960 7576 16850 23669 22025 11912 12365 14439 10827 24248 26902 16698 18562 25406 8767 5325 22245 2566 28757 14980
12306 12484 12680 29155 18259 10285 13323 20315 8736 22375 7102 7011 2789 13246 19211 10187 24837 24728 21261 3917
10782 2987 12024 4966 18575 22893 20149 3172 31543 30156 13516 8127 2688 7456 11143 12460 18076 12638 21845 16112
15119 12174 7276 10226 15214 6527 17842 32277 11622 10169 10974 27204 13311 22451 24538 19407 8226 10822 18284 2677
19034 9826 23318 20162 14807 29696 10811 5275 15544 9047 21634 19479 21898 29779 896 31888 8715 12867 10129 7674
7988 30674 31750 7284 28279 28472 5766 14877 70 25265 1454 17193 18388 12590 17147 18484 23583 31563 31722 21205
10798 7298 30301 18551 7319 17566 5185 28516 23621 17778 14958 18979 3704 26826 7886 15620 13325 25250 16834 12793
3584 13206 5825 11943 11055 3994 8259 4285 865 7403 733 25733 17286 8006 21421 2489 12097 25431 9720 6807
15267 32372 7186 18743 18234 13963 32638 10013 4938 9817 9303 2827 25178 29149 7150 2328 24562 7949 31413 12550
13732 26311 13660 1745 29001 4618 22841 27012 8333 14182 9197 23632 17838 27825 15941 26079 2432 16636 7774 31206
20149 4805 21773 8442 2651 5743 19069 21156 1446 8431 11802 13751 27888 2759 7598 15073 20478 16184 18378 17793
30597 19379 3432 22200 13292 914 26318 28355 2388 3077 4022 6280 23766 25679 16043 21358 1803 15922 27574 20338
28626 15015 27194 12152 5965 24275 23069 17886 12333 21815 13352 32599 12080 20263 30129 28663 29671 6781 12151 13962
28349 16270 31693 10794 26677 15197 8187 1553 19827 10767 23777 1963 9726 30111 13021 13039 5828 23763 7407 12528
5727 26223 1819 31919 13974 5288 1039 21044 10023 27867 1542 5085 21956 10111 7916 6645 20315 7257 3011 8328
18074 16110 3909 18294 25523 16190 24523 22727 16732 8879 11373 18750 15130 26952 32107 10033 28864 4895 29644 27544
9010 6677 11332 24931 20079 13248 18779 5905 9423 28585 26828 3710 20361 1464 2091 7932 6263 26860 7371 15782
