85 17 1
1 1 1 1 1 1 1 1 1 1 1 1 1 1 1 1 1 1 1 1 1 1 1 1 1 1 1 1 1 1 1 1 1 1 1 1 1 1 1 1 1 1 1 1 1 1 1 1 1 1 1 1 1 1 1 1 1 1 1 1 1 1 1 1 1 1 1 1 1 1 1 1 1 1 1 1 1 1 1 1 1 1 1 1 1 
1 2
1 3
2 4
4 5
1 6
1 7
5 8
8 9
4 10
2 11
1 12
10 13
1 14
1 15
1 16
4 17
5 18
10 19
4 20
13 21
11 22
19 23
17 24
1 25
4 26
17 27
11 28
18 29
24 30
1 31
1 32
21 33
1 34
9 35
17 36
1 37
1 38
1 39
1 40
1 41
28 42
1 43
1 44
1 45
1 46
17 47
1 48
17 49
1 50
1 51
1 52
26 53
5 54
20 55
9 56
47 57
9 58
1 59
1 60
49 61
19 62
1 63
1 64
1 65
1 66
1 67
10 68
2 69
1 70
57 71
1 72
1 73
62 74
1 75
1 76
1 77
1 78
1 79
1 80
10 81
1 82
47 83
1 84
10 85

14 33 2
42 51 2
36 40 2
80 50 2
16 73 1
40 26 1
59 23 3
44 63 3
67 10 1
59 60 1
64 77 2
71 29 1
28 4 2
51 59 3
33 41 1
71 76 1
23 6 3
